0  0  0  0  0  0  0  0  0  0  0  0  0  0  0  0  0  0  0  0  0  0  0  0  0
0  0 35 36  0 39  0  0  0  0  0  0  0  0  0 35 36  0  0  0  0  0  0  0  0
0  0 37 38  0  0  0  6  0  0  6  0  0  0  0 37 38  0  0  0  0  0  0  0  0
0  0  0  0  0  0  0  0  0  0  0  0  0  0  0  0  0  0  0  0  0  0  0  0  0
0  0  0  0  0 35 36  0  0  0  0 40  0  0  0  0  0  0  0  0  0  0 40  0  0
0  0  0  0  0 37 38  0  0  0  0  0  0  0  0  0  0  0  0  0  0  0  0  0  0
0  0  0  0  0  0  0  0  0  0  6  0  0  6  0  0  0  0  0  0  0  0  0  0  0
0  0 39  0  0  0  0  0  0  0  0  0  0  0  0  0  0  0  0  0  0  0 35 36  0
0  0  0  0  0  0  6  0 39  0  0  0  0  0  0  0  0  0  0  0  0  0 37 38  0
0  0  0  0  0  0  0  0  0  0  0  0  0  0  0  0  0  0  0  0  0  0  0  0  0
0  0  0  0  0  0  0  0  0  0  0  0  0  0  0  0  0  0  0  0  0  0  0  0  0
0  0  0  0 40  0  7  0  0  0  0  0  0  0  0  0  0  0  0  0  0 39  0  0  0
0  0  0  0  0  0  0  0  0  0  0  0  0  0  0  0  0  0 40  0  0  0  0  0  0
0  0  0  0  0  0  0  0  0  0  0  0  0  0  0  0  0  0  0  0  0  0  0  0  0
0  0 35 36  0  0  0  0  0  0  0  0  0  0  0  0 35 36  0  0  0  0 39  0  0
0  0 37 38  0  0  0  0  0  0  0  0  0  0  0  0 37 38  0  0  0  0  0  0  0
0  0  0  0  0  0 35 36  0  0  0  0  0  0  0  0  0  0  0  0  0 40  0  0  0
0  0  0  0  0  0 37 38  0  0  0  0  0 39  0  0  0  0  0  0  0  0  0  0  0
0  0  0  7  0  0  0  0  0  0  0  0  0  0  0  0  0  0 39  0  0  0  0  0  0
0  0  0  0  0  0  0  0  0  0  0  0  0  0  0  0  0  0  0  0  0  0  0  0  0